Teixeira
120999999
9
0.01
300
Debora
121999999
9
0.02
400
Joao
111111111
1
0.04
50
Manel
123456789
1
0.05
100
Joaquim
123456666
10
0.19
90
Pedro
123456788
10
0.2
100
Joel
123456777
10
0.3
50
Daniela
123456671
15
0.4
500
Adriano
123333333
14
0.45
120
Daniel
123456670
15
0.5
200
Abel
123455555
14
0.5
100
Beatriz
123456780
25
0.5
100
Bruna
123456782
25
0.55
120
Cristiana
123456784
3
0.6
500
Anibal
123444444
14
0.6
80
Bianca
123456781
25
0.6
50
Cristiano
123456785
3
0.63
200
Duarte
123456672
15
0.7
1000
Carlos
123456783
3
0.8
400
Erica
123456673
22
0.8
100
Eduardo
123456675
22
0.85
300
Eric
123456674
22
0.9
200
Francisca
123456677
17
1
200
Francisco
123456676
17
1
100
Fernanda
123456678
17
1.2
500
Firmino
123455671
18
1.2
200
Fabricio
123455672
18
1.23
140
Fernando
123455670
18
1.3
100
Gabriela
123455674
2
1.4
100
Gabriel
123455673
2
1.5
100
Gaspar
123455675
2
1.6
300
Indarte
123455677
21
5
500
Hugo
123455676
21
7
100
Jorge
123455678
20
10
50
Jorgina
123445671
20
11
200
George
123445670
20
12
100
Koates
123445674
4
14
200
Kevin
123445672
4
15
30
Kelvin
123445673
4
17
100
Luciana
123445678
24
25
200
Louis
123435670
24
28
300
Luciano
123445677
7
29
30
Alberto
123435671
23
30
100
Luis
123445675
7
30
100
Alberta
123435672
23
32
300
Luisa
123445676
7
33
200
Manuel
123435673
11
45
100
Miguel
123435675
11
47
250
Manuela
123435674
11
50
300
Mourinho
123435676
16
50
100
Moutinho
123435677
16
55
500
Nuno
123435370
8
70
50
Mendonca
123435678
8
80
50
Nanda
123435371
8
85
80
Oscar
123435373
5
90
50
Olga
123435372
5
100
30
Otavio
123435374
5
120
100
Olivia
123435375
19
130
100
Petra
123435376
6
150
100
Pereira
123435377
6
160
300
Jordan
123435378
13
450
200
Zuzarte
123435111
12
700
200
Zelia
123435110
12
800
100
Tiago
123435112
12
900
100
